IF SIZE ASSUMED TO BE 500NM
----------------------------------------
mass =  [1.11821316e-08 1.11821316e-08 1.11821316e-08 1.13881085e-08
 1.12967034e-08 1.12093583e-08 1.10331540e-08 1.08646715e-08
 1.07407249e-08 1.08468502e-08 1.11951791e-08 1.17888971e-08
 1.27160791e-08 1.47650725e-08 1.93498494e-08 2.73176978e-08
 4.04848370e-08 5.20705541e-08 6.18187806e-08 6.81881940e-08
 7.53829225e-08 8.44463042e-08 9.64044024e-08 1.18973892e-07
 1.45413255e-07 1.72755976e-07 1.84428774e-07 1.84467875e-07
 1.77870049e-07 1.67239907e-07 1.60887290e-07 1.56207261e-07
 1.52733449e-07 1.47604158e-07 1.41493780e-07 1.34746513e-07
 1.27866417e-07 1.19349474e-07 1.09498140e-07 9.82109887e-08
 8.76077994e-08 7.81195156e-08 6.93457715e-08 5.97984736e-08
 5.02871221e-08 4.14561251e-08 3.40038407e-08 2.84279856e-08
 2.39665247e-08 2.10918472e-08 2.01805412e-08 1.90096176e-08
 1.71283079e-08 1.53432693e-08 1.41157410e-08 1.38878277e-08
 1.22093314e-08 9.96353325e-09 8.61713169e-09 5.94601612e-09
 4.16783939e-09 2.83774943e-09 2.21359441e-09 2.62449992e-09
 2.38697678e-09 1.40332232e-09 2.32484776e-11 2.53367486e-11
 7.69517707e-12 2.59272565e-12]


